4.187430
4.187430
4.028260
4.306124
4.337472
4.036975
4.028260
4.306124
4.337472
4.036975
4.028260
4.306124
4.337472
4.036975
4.028260
4.306124
4.337472
4.036975
4.028260
4.306124
4.337472
4.036975
4.898132
4.085918
4.169447
4.183921
4.134784
4.178658
4.144872
4.144872
4.101889
4.898132
4.085918
4.169447
4.183921
4.134784
4.178658
4.144872
4.144872
4.101889
4.898132
4.085918
4.169447
4.183921
4.134784
4.178658
4.144872
4.144872
4.101889
4.898132
4.085918
4.169447
4.183921
4.134784
4.178658
4.144872
4.144872
4.101889
4.898132
4.085918
4.169447
4.183921
4.134784
4.178658
4.144872
4.144872
4.101889
4.898132
4.085918
4.169447
4.183921
4.134784
4.178658
4.144872
4.144872
4.101889
4.898132
4.085918
4.169447
4.183921
4.134784
4.178658
4.144872
4.144872
4.101889
4.898132
4.085918
4.169447
4.183921
4.134784
4.178658
4.144872
4.144872
4.101889
4.898132
4.085918
4.169447
4.183921
4.134784
4.178658
4.144872
4.144872
4.101889
4.898132
4.085918
4.169447
4.183921
4.134784
4.178658
4.144872
4.144872
4.101889
4.203671
4.328042
4.104959
4.132591
4.138732
4.283498
4.203671
4.328042
4.104959
4.132591
4.138732
4.283498
4.203671
4.328042
4.104959
4.132591
4.138732
4.283498
4.203671
4.328042
4.104959
4.132591
4.138732
4.283498
4.203671
4.328042
4.104959
4.132591
4.138732
4.283498
4.203671
4.328042
4.104959
4.132591
4.138732
4.283498
4.203671
4.328042
4.104959
4.132591
4.138732
4.283498
4.271281
4.208045
4.399986
4.222957
4.212430
4.135223
4.227343
4.096909
4.271281
4.208045
4.399986
4.222957
4.212430
4.135223
4.227343
4.096909
4.271281
4.208045
4.399986
4.222957
4.212430
4.135223
4.227343
4.096909
4.271281
4.208045
4.399986
4.222957
4.212430
4.135223
4.227343
4.096909
4.271281
4.208045
4.399986
4.222957
4.212430
4.135223
4.227343
4.096909
4.271281
4.208045
4.399986
4.222957
4.212430
4.135223
4.227343
4.096909
4.271281
4.208045
4.399986
4.222957
4.212430
4.135223
4.227343
4.096909
4.271281
4.208045
4.399986
4.222957
4.212430
4.135223
4.227343
4.096909
4.271281
4.208045
4.399986
4.222957
4.212430
4.135223
4.227343
4.096909
4.144872
4.144872
4.200162
4.373109
4.189623
4.222957
4.122942
4.279234
4.200162
4.373109
4.189623
4.222957
4.122942
4.279234
4.200162
4.373109
4.189623
4.222957
4.122942
4.279234
4.200162
4.373109
4.189623
4.222957
4.122942
4.279234
4.200162
4.373109
4.189623
4.222957
4.122942
4.279234
4.200162
4.373109
4.189623
4.222957
4.122942
4.279234
4.200162
4.373109
4.189623
4.222957
4.122942
4.279234
3.960844
4.275629
4.324301
4.383087
3.960844
4.275629
4.324301
4.383087
3.960844
4.275629
4.324301
4.383087
3.960844
4.275629
4.324301
4.383087
3.960844
4.275629
4.324301
4.383087
4.127489
4.097941
4.219100
4.173091
4.127489
4.097941
4.219100
4.173091
4.127489
4.097941
4.219100
4.173091
4.127489
4.097941
4.219100
4.173091
4.127489
4.097941
4.219100
4.173091
3.940120
4.200162
4.074269
4.384964
4.086550
4.121201
4.092239
4.295666
3.937791
4.209057
3.940120
4.200162
4.074269
4.384964
4.086550
4.121201
4.092239
4.295666
3.937791
4.209057
4.152890
4.216817
4.220325
4.222957
4.227343
4.142679
4.101889
4.108029
4.108468
4.125574
4.129960
3.940120
4.200162
4.074269
4.384964
4.086550
4.121201
4.092239
4.295666
3.937791
4.209057
3.940120
4.200162
4.074269
4.384964
4.086550
4.121201
4.092239
4.295666
3.937791
4.209057
3.940120
4.200162
4.074269
4.384964
4.086550
4.121201
4.092239
4.295666
3.937791
4.209057
3.940120
4.200162
4.074269
4.384964
4.086550
4.121201
4.092239
4.295666
3.937791
4.209057
3.940120
4.200162
4.074269
4.384964
4.086550
4.121201
4.092239
4.295666
3.937791
4.209057
3.940120
4.200162
4.074269
4.384964
4.086550
4.121201
4.092239
4.295666
3.937791
4.209057
3.940120
4.200162
4.074269
4.384964
4.086550
4.121201
4.092239
4.295666
3.937791
4.209057
3.940120
4.200162
4.074269
4.384964
4.086550
4.121201
4.092239
4.295666
3.937791
4.209057
3.940120
4.200162
4.074269
4.384964
4.086550
4.121201
4.092239
4.295666
3.937791
4.209057
3.940120
4.200162
4.074269
4.384964
4.086550
4.121201
4.092239
4.295666
3.937791
4.209057
3.940120
4.200162
4.074269
4.384964
4.086550
4.121201
4.092239
4.295666
3.937791
4.209057
3.940120
4.200162
4.074269
4.384964
4.086550
4.121201
4.092239
4.295666
3.937791
4.209057
3.940120
4.200162
4.074269
4.384964
4.086550
4.121201
4.092239
4.295666
3.937791
4.209057
3.940120
4.200162
4.074269
4.384964
4.086550
4.121201
4.092239
4.295666
3.937791
4.209057
3.940120
4.200162
4.074269
4.384964
4.086550
4.121201
4.092239
4.295666
3.937791
4.209057
3.940120
4.200162
4.074269
4.384964
4.086550
4.121201
4.092239
4.295666
3.937791
4.209057
3.940120
4.200162
4.074269
4.384964
4.086550
4.121201
4.092239
4.295666
3.937791
4.209057
3.940120
4.200162
4.074269
4.384964
4.086550
4.121201
4.092239
4.295666
3.937791
4.209057
3.839434
4.058189
4.142718
4.215565
4.232632
4.237373
4.044870
4.736310
5
4.343600
3.839434
4.058189
4.142718
4.215565
4.232632
4.237373
4.044870
4.736310
5
4.343600
4.218580
4.088731
4.318077
4.888287
3.483284
4.065485
4.195764
4.078643
4.122942
4.736942
4.130837
4.210678
4.175149
4.553691
4.135223
4.222957
4.179097
4.348186
4.144872
4.181644
4.197518
4.424954
4.140486
3.839434
4.058189
4.142718
4.215565
4.232632
4.237373
4.044870
4.736310
5
4.343600
3.839434
4.058189
4.142718
4.215565
4.232632
4.237373
4.044870
4.736310
5
4.343600
3.839434
4.058189
4.142718
4.215565
4.232632
4.237373
4.044870
4.736310
5
4.343600
3.839434
4.058189
4.142718
4.215565
4.232632
4.237373
4.044870
4.736310
5
4.343600
3.839434
4.058189
4.142718
4.215565
4.232632
4.237373
4.044870
4.736310
5
4.343600
3.839434
4.058189
4.142718
4.215565
4.232632
4.237373
4.044870
4.736310
5
4.343600
3.839434
4.058189
4.142718
4.215565
4.232632
4.237373
4.044870
4.736310
5
4.343600
3.839434
4.058189
4.142718
4.215565
4.232632
4.237373
4.044870
4.736310
5
4.343600
3.839434
4.058189
4.142718
4.215565
4.232632
4.237373
4.044870
4.736310
5
4.343600
3.839434
4.058189
4.142718
4.215565
4.232632
4.237373
4.044870
4.736310
5
4.343600
3.839434
4.058189
4.142718
4.215565
4.232632
4.237373
4.044870
4.736310
5
4.343600
3.839434
4.058189
4.142718
4.215565
4.232632
4.237373
4.044870
4.736310
5
4.343600
3.839434
4.058189
4.142718
4.215565
4.232632
4.237373
4.044870
4.736310
5
4.343600
3.839434
4.058189
4.142718
4.215565
4.232632
4.237373
4.044870
4.736310
5
4.343600
3.839434
4.058189
4.142718
4.215565
4.232632
4.237373
4.044870
4.736310
5
4.343600
3.839434
4.058189
4.142718
4.215565
4.232632
4.237373
4.044870
4.736310
5
4.343600
3.839434
4.058189
4.142718
4.215565
4.232632
4.237373
4.044870
4.736310
5
4.343600
3.839434
4.058189
4.142718
4.215565
4.232632
4.237373
4.044870
4.736310
5
4.343600
3.839434
4.058189
4.142718
4.215565
4.232632
4.237373
4.044870
4.736310
5
4.343600
3.839434
4.058189
4.142718
4.215565
4.232632
4.237373
4.044870
4.736310
5
4.343600
3.839434
4.058189
4.142718
4.215565
4.232632
4.237373
4.044870
4.736310
5
4.343600
3.839434
4.058189
4.142718
4.215565
4.232632
4.237373
4.044870
4.736310
5
4.343600
3.839434
4.058189
4.142718
4.215565
4.232632
4.237373
4.044870
4.736310
5
4.343600
3.839434
4.058189
4.142718
4.215565
4.232632
4.237373
4.044870
4.736310
5
4.343600
3.839434
4.058189
4.142718
4.215565
4.232632
4.237373
4.044870
4.736310
5
4.343600
3.839434
4.058189
4.142718
4.215565
4.232632
4.237373
4.044870
4.736310
5
4.343600
3.839434
4.058189
4.142718
4.215565
4.232632
4.237373
4.044870
4.736310
5
4.343600
3.839434
4.058189
4.142718
4.215565
4.232632
4.237373
4.044870
4.736310
5
4.343600
3.839434
4.058189
4.142718
4.215565
4.232632
4.237373
4.044870
4.736310
5
4.343600
4.305943
4.363337
4.305943
4.363337
4.305943
4.363337
4.296217
4.090046
4.296217
4.090046
4.296217
4.090046
3.839750
4.220474
4.239637
4.252357
4.103643
4.114170
4.203659
4.245449
3.839750
4.220474
4.239637
4.252357
4.103643
4.114170
4.203659
4.245449
3.839750
4.220474
4.239637
4.252357
4.103643
4.114170
4.203659
4.245449
3.839750
4.220474
4.239637
4.252357
4.103643
4.114170
4.203659
4.245449
3.839750
4.220474
4.239637
4.252357
4.103643
4.114170
4.203659
4.245449
3.839750
4.220474
4.239637
4.252357
4.103643
4.114170
4.203659
4.245449
3.839750
4.220474
4.239637
4.252357
4.103643
4.114170
4.203659
4.245449
3.839750
4.220474
4.239637
4.252357
4.103643
4.114170
4.203659
4.245449
3.839750
4.220474
4.239637
4.252357
4.103643
4.114170
4.203659
4.245449
4.215075
4.215075
4.138454
4.019431
4.138454
4.019431
4.138454
4.019431
4.058750
4.300165
4.058750
4.300165
4.058750
4.300165
4.362247
4.266405
4.261251
4.229549
4.235251
4.085660
4.269901
4.288483
4.162674
4.054958
4.362247
4.266405
4.261251
4.229549
4.235251
4.085660
4.269901
4.288483
4.162674
4.054958
4.100134
4.101450
4.145762
4.224834
4.108468
4.291393
4.118995
4.119433
4.164622
4.228546
4.332305
4.128205
4.164293
4.221642
4.136977
4.226027
4.226466
4.140486
4.140486
4.134346
4.144434
4.144872
4.201027
4.136100
4.145311
4.139171
4.362247
4.266405
4.261251
4.229549
4.235251
4.085660
4.269901
4.288483
4.162674
4.054958
4.362247
4.266405
4.261251
4.229549
4.235251
4.085660
4.269901
4.288483
4.162674
4.054958
4.362247
4.266405
4.261251
4.229549
4.235251
4.085660
4.269901
4.288483
4.162674
4.054958
4.362247
4.266405
4.261251
4.229549
4.235251
4.085660
4.269901
4.288483
4.162674
4.054958
4.362247
4.266405
4.261251
4.229549
4.235251
4.085660
4.269901
4.288483
4.162674
4.054958
4.362247
4.266405
4.261251
4.229549
4.235251
4.085660
4.269901
4.288483
4.162674
4.054958
4.362247
4.266405
4.261251
4.229549
4.235251
4.085660
4.269901
4.288483
4.162674
4.054958
4.362247
4.266405
4.261251
4.229549
4.235251
4.085660
4.269901
4.288483
4.162674
4.054958
4.362247
4.266405
4.261251
4.229549
4.235251
4.085660
4.269901
4.288483
4.162674
4.054958
4.362247
4.266405
4.261251
4.229549
4.235251
4.085660
4.269901
4.288483
4.162674
4.054958
4.362247
4.266405
4.261251
4.229549
4.235251
4.085660
4.269901
4.288483
4.162674
4.054958
4.362247
4.266405
4.261251
4.229549
4.235251
4.085660
4.269901
4.288483
4.162674
4.054958
4.362247
4.266405
4.261251
4.229549
4.235251
4.085660
4.269901
4.288483
4.162674
4.054958
4.362247
4.266405
4.261251
4.229549
4.235251
4.085660
4.269901
4.288483
4.162674
4.054958
4.362247
4.266405
4.261251
4.229549
4.235251
4.085660
4.269901
4.288483
4.162674
4.054958
4.362247
4.266405
4.261251
4.229549
4.235251
4.085660
4.269901
4.288483
4.162674
4.054958
4.362247
4.266405
4.261251
4.229549
4.235251
4.085660
4.269901
4.288483
4.162674
4.054958
4.362247
4.266405
4.261251
4.229549
4.235251
4.085660
4.269901
4.288483
4.162674
4.054958
4.362247
4.266405
4.261251
4.229549
4.235251
4.085660
4.269901
4.288483
4.162674
4.054958
4.362247
4.266405
4.261251
4.229549
4.235251
4.085660
4.269901
4.288483
4.162674
4.054958
4.362247
4.266405
4.261251
4.229549
4.235251
4.085660
4.269901
4.288483
4.162674
4.054958
4.362247
4.266405
4.261251
4.229549
4.235251
4.085660
4.269901
4.288483
4.162674
4.054958
4.362247
4.266405
4.261251
4.229549
4.235251
4.085660
4.269901
4.288483
4.162674
4.054958
4.362247
4.266405
4.261251
4.229549
4.235251
4.085660
4.269901
4.288483
4.162674
4.054958
4.362247
4.266405
4.261251
4.229549
4.235251
4.085660
4.269901
4.288483
4.162674
4.054958
4.362247
4.266405
4.261251
4.229549
4.235251
4.085660
4.269901
4.288483
4.162674
4.054958
4.362247
4.266405
4.261251
4.229549
4.235251
4.085660
4.269901
4.288483
4.162674
4.054958
4.362247
4.266405
4.261251
4.229549
4.235251
4.085660
4.269901
4.288483
4.162674
4.054958
4.362247
4.266405
4.261251
4.229549
4.235251
4.085660
4.269901
4.288483
4.162674
4.054958
4.362247
4.266405
4.261251
4.229549
4.235251
4.085660
4.269901
4.288483
4.162674
4.054958
4.362247
4.266405
4.261251
4.229549
4.235251
4.085660
4.269901
4.288483
4.162674
4.054958
4.362247
4.266405
4.261251
4.229549
4.235251
4.085660
4.269901
4.288483
4.162674
4.054958
3.966985
4.549567
3.943990
4.398660
4.007272
4.425206
4.303248
4.063292
4.090924
4.407210
3.966985
4.549567
3.943990
4.398660
4.007272
4.425206
4.303248
4.063292
4.090924
4.407210
4.405656
4.617741
4.221203
4.690237
3.966985
4.549567
3.943990
4.398660
4.007272
4.425206
4.303248
4.063292
4.090924
4.407210
3.966985
4.549567
3.943990
4.398660
4.007272
4.425206
4.303248
4.063292
4.090924
4.407210
3.966985
4.549567
3.943990
4.398660
4.007272
4.425206
4.303248
4.063292
4.090924
4.407210
3.966985
4.549567
3.943990
4.398660
4.007272
4.425206
4.303248
4.063292
4.090924
4.407210
3.966985
4.549567
3.943990
4.398660
4.007272
4.425206
4.303248
4.063292
4.090924
4.407210
3.966985
4.549567
3.943990
4.398660
4.007272
4.425206
4.303248
4.063292
4.090924
4.407210
3.966985
4.549567
3.943990
4.398660
4.007272
4.425206
4.303248
4.063292
4.090924
4.407210
3.966985
4.549567
3.943990
4.398660
4.007272
4.425206
4.303248
4.063292
4.090924
4.407210
3.966985
4.549567
3.943990
4.398660
4.007272
4.425206
4.303248
4.063292
4.090924
4.407210
3.966985
4.549567
3.943990
4.398660
4.007272
4.425206
4.303248
4.063292
4.090924
4.407210
3.966985
4.549567
3.943990
4.398660
4.007272
4.425206
4.303248
4.063292
4.090924
4.407210
3.966985
4.549567
3.943990
4.398660
4.007272
4.425206
4.303248
4.063292
4.090924
4.407210
4.149271
4.177781
4.357635
4.101450
4.120749
4.307183
4.387461
4.137416
4.149271
4.177781
4.357635
4.101450
4.120749
4.307183
4.387461
4.137416
4.149271
4.177781
4.357635
4.101450
4.120749
4.307183
4.387461
4.137416
4.149271
4.177781
4.357635
4.101450
4.120749
4.307183
4.387461
4.137416
4.149271
4.177781
4.357635
4.101450
4.120749
4.307183
4.387461
4.137416
4.149271
4.177781
4.357635
4.101450
4.120749
4.307183
4.387461
4.137416
4.149271
4.177781
4.357635
4.101450
4.120749
4.307183
4.387461
4.137416
4.149271
4.177781
4.357635
4.101450
4.120749
4.307183
4.387461
4.137416
4.149271
4.177781
4.357635
4.101450
4.120749
4.307183
4.387461
4.137416
4.262883
4.262883
3.932599
4.305563
4.210238
3.932599
4.305563
4.210238
3.932599
4.305563
4.210238
3.932599
4.305563
4.210238
3.973816
3.949692
3.973816
3.949692
3.973816
3.949692
4.083751
4.090072
4.072979
4.162442
4.027887
4.266405
4.012413
4.104533
4.027887
4.031273
4.083751
4.090072
4.072979
4.162442
4.027887
4.266405
4.012413
4.104533
4.027887
4.031273
4.217707
4.145324
4.235690
4.269585
4.115937
4.247971
4.107275
4.109468
4.078643
4.222212
4.254111
4.201588
4.176904
4.176904
4.097503
4.098380
4.275164
4.194886
4.065923
4.307427
4.111100
4.111538
4.113293
4.113731
4.201466
4.292708
4.119433
4.122942
4.298849
4.242817
4.124696
4.126012
4.213747
4.214185
4.214185
4.301919
4.128205
4.215501
4.215940
4.129521
4.217255
4.217694
4.132153
4.220764
4.091362
4.136539
4.136977
4.137416
4.226466
4.226905
4.095748
4.227343
4.140486
4.140486
4.140925
4.245652
4.222957
4.142241
4.143557
4.139609
4.144872
4.144872
4.145311
4.123381
4.230852
4.123819
4.083751
4.090072
4.072979
4.162442
4.027887
4.266405
4.012413
4.104533
4.027887
4.031273
4.083751
4.090072
4.072979
4.162442
4.027887
4.266405
4.012413
4.104533
4.027887
4.031273
4.083751
4.090072
4.072979
4.162442
4.027887
4.266405
4.012413
4.104533
4.027887
4.031273
4.083751
4.090072
4.072979
4.162442
4.027887
4.266405
4.012413
4.104533
4.027887
4.031273
4.083751
4.090072
4.072979
4.162442
4.027887
4.266405
4.012413
4.104533
4.027887
4.031273
4.083751
4.090072
4.072979
4.162442
4.027887
4.266405
4.012413
4.104533
4.027887
4.031273
4.083751
4.090072
4.072979
4.162442
4.027887
4.266405
4.012413
4.104533
4.027887
4.031273
4.083751
4.090072
4.072979
4.162442
4.027887
4.266405
4.012413
4.104533
4.027887
4.031273
4.083751
4.090072
4.072979
4.162442
4.027887
4.266405
4.012413
4.104533
4.027887
4.031273
4.083751
4.090072
4.072979
4.162442
4.027887
4.266405
4.012413
4.104533
4.027887
4.031273
4.083751
4.090072
4.072979
4.162442
4.027887
4.266405
4.012413
4.104533
4.027887
4.031273
4.083751
4.090072
4.072979
4.162442
4.027887
4.266405
4.012413
4.104533
4.027887
4.031273
4.083751
4.090072
4.072979
4.162442
4.027887
4.266405
4.012413
4.104533
4.027887
4.031273
4.083751
4.090072
4.072979
4.162442
4.027887
4.266405
4.012413
4.104533
4.027887
4.031273
4.083751
4.090072
4.072979
4.162442
4.027887
4.266405
4.012413
4.104533
4.027887
4.031273
4.083751
4.090072
4.072979
4.162442
4.027887
4.266405
4.012413
4.104533
4.027887
4.031273
4.083751
4.090072
4.072979
4.162442
4.027887
4.266405
4.012413
4.104533
4.027887
4.031273
4.083751
4.090072
4.072979
4.162442
4.027887
4.266405
4.012413
4.104533
4.027887
4.031273
4.083751
4.090072
4.072979
4.162442
4.027887
4.266405
4.012413
4.104533
4.027887
4.031273
4.083751
4.090072
4.072979
4.162442
4.027887
4.266405
4.012413
4.104533
4.027887
4.031273
4.083751
4.090072
4.072979
4.162442
4.027887
4.266405
4.012413
4.104533
4.027887
4.031273
4.083751
4.090072
4.072979
4.162442
4.027887
4.266405
4.012413
4.104533
4.027887
4.031273
4.083751
4.090072
4.072979
4.162442
4.027887
4.266405
4.012413
4.104533
4.027887
4.031273
4.083751
4.090072
4.072979
4.162442
4.027887
4.266405
4.012413
4.104533
4.027887
4.031273
4.083751
4.090072
4.072979
4.162442
4.027887
4.266405
4.012413
4.104533
4.027887
4.031273
4.083751
4.090072
4.072979
4.162442
4.027887
4.266405
4.012413
4.104533
4.027887
4.031273
4.083751
4.090072
4.072979
4.162442
4.027887
4.266405
4.012413
4.104533
4.027887
4.031273
4.083751
4.090072
4.072979
4.162442
4.027887
4.266405
4.012413
4.104533
4.027887
4.031273
4.083751
4.090072
4.072979
4.162442
4.027887
4.266405
4.012413
4.104533
4.027887
4.031273
4.083751
4.090072
4.072979
4.162442
4.027887
4.266405
4.012413
4.104533
4.027887
4.031273
4.083751
4.090072
4.072979
4.162442
4.027887
4.266405
4.012413
4.104533
4.027887
4.031273
4.083751
4.090072
4.072979
4.162442
4.027887
4.266405
4.012413
4.104533
4.027887
4.031273
4.083751
4.090072
4.072979
4.162442
4.027887
4.266405
4.012413
4.104533
4.027887
4.031273
4.083751
4.090072
4.072979
4.162442
4.027887
4.266405
4.012413
4.104533
4.027887
4.031273
4.083751
4.090072
4.072979
4.162442
4.027887
4.266405
4.012413
4.104533
4.027887
4.031273
4.083751
4.090072
4.072979
4.162442
4.027887
4.266405
4.012413
4.104533
4.027887
4.031273
4.083751
4.090072
4.072979
4.162442
4.027887
4.266405
4.012413
4.104533
4.027887
4.031273
4.083751
4.090072
4.072979
4.162442
4.027887
4.266405
4.012413
4.104533
4.027887
4.031273
4.083751
4.090072
4.072979
4.162442
4.027887
4.266405
4.012413
4.104533
4.027887
4.031273
4.083751
4.090072
4.072979
4.162442
4.027887
4.266405
4.012413
4.104533
4.027887
4.031273
4.083751
4.090072
4.072979
4.162442
4.027887
4.266405
4.012413
4.104533
4.027887
4.031273
4.083751
4.090072
4.072979
4.162442
4.027887
4.266405
4.012413
4.104533
4.027887
4.031273
4.083751
4.090072
4.072979
4.162442
4.027887
4.266405
4.012413
4.104533
4.027887
4.031273
4.083751
4.090072
4.072979
4.162442
4.027887
4.266405
4.012413
4.104533
4.027887
4.031273
4.083751
4.090072
4.072979
4.162442
4.027887
4.266405
4.012413
4.104533
4.027887
4.031273
4.083751
4.090072
4.072979
4.162442
4.027887
4.266405
4.012413
4.104533
4.027887
4.031273
4.083751
4.090072
4.072979
4.162442
4.027887
4.266405
4.012413
4.104533
4.027887
4.031273
4.083751
4.090072
4.072979
4.162442
4.027887
4.266405
4.012413
4.104533
4.027887
4.031273
4.083751
4.090072
4.072979
4.162442
4.027887
4.266405
4.012413
4.104533
4.027887
4.031273
4.083751
4.090072
4.072979
4.162442
4.027887
4.266405
4.012413
4.104533
4.027887
4.031273
4.083751
4.090072
4.072979
4.162442
4.027887
4.266405
4.012413
4.104533
4.027887
4.031273
4.083751
4.090072
4.072979
4.162442
4.027887
4.266405
4.012413
4.104533
4.027887
4.031273
4.083751
4.090072
4.072979
4.162442
4.027887
4.266405
4.012413
4.104533
4.027887
4.031273
4.083751
4.090072
4.072979
4.162442
4.027887
4.266405
4.012413
4.104533
4.027887
4.031273